499898
78311
417608
178067
689173
517273
188948
152712
785019
937054
567085
962880
434712
46988
6540
881675
295785
945197
160491
710466
94968
329916
886832
206134
895303
790823
597036
339815
477123
923328
445337
528310
319751
431200
67078
851826
238805
500969
939508
168365
886913
361642
143100
62978
999651
313687
176345
350370
444562
848842
650195
831191
643749
640117
50824
981382
541895
816897
934642
263040
6432
429026
330581
95899
24412
483973
10613
665842
119144
538157
118097
563755
153283
439239
540209
862424
781906
714468
918353
370838
500769
260305
428590
306900
739151
908182
155227
543075
159822
859642
182851
141867
889773
960965
521926
264886
948703
224348
59177
733558
