360894
977649
247307
33464
320328
859228
955455
279917
467844
831443
423927
522981
877321
914424
803864
836824
341335
717623
470986
874315
963973
262951
223149
379478
40473
886270
993857
956654
280428
905243
819319
3745
498668
945240
218777
889291
650599
31628
393065
978526
72609
183035
395423
220655
281672
733515
354701
657555
26729
140183
785353
40825
859160
168539
516488
364894
312706
756427
887173
939459
303101
173518
514313
443518
409816
784117
214225
162733
161185
155486
401978
748165
283045
61775
961112
303361
733062
627441
80397
854140
724470
784682
843061
176975
437881
500617
322950
30721
502008
768409
122900
83347
917999
304286
22742
637943
289508
545128
268794
738782
